20 PA3-J-Output.txt
21.96 7.52 54.66	23.86 7.53 54.82	1.906
10.47 26.26 8.10	10.94 23.77 7.85	2.550
-38.67 -18.64 -14.82	-36.89 -17.50 -16.17	2.502
6.30 20.14 -3.96	8.68 19.11 -2.99	2.761
-31.53 -11.06 -46.75	-31.17 -10.94 -45.86	0.960
-29.01 -0.06 -12.17	-29.26 -1.53 -14.35	2.641
-35.20 2.10 -38.79	-33.53 -0.27 -36.89	3.463
5.06 8.10 63.37	4.98 8.13 62.56	0.805
-4.31 -5.82 32.16	-3.40 -4.57 31.85	1.576
-10.01 12.81 36.26	-8.20 13.73 35.70	2.113
-34.52 -27.40 -21.26	-34.41 -27.25 -21.30	0.193
23.54 -9.56 2.78	24.07 -11.80 3.56	2.432
-43.62 -6.84 -26.55	-40.41 -7.58 -25.81	3.381
8.94 24.20 19.99	9.11 21.99 19.63	2.246
25.86 -12.86 -8.66	28.80 -15.97 -7.75	4.378
37.44 -1.52 7.41	40.32 -3.01 8.38	3.384
-4.91 -21.82 -37.31	-1.84 -24.18 -39.44	4.413
36.21 -2.68 8.22	38.08 -4.36 8.92	2.605
-11.69 -28.99 -18.18	-11.02 -31.64 -16.97	2.987
-5.98 -18.61 -41.43	-2.93 -19.73 -44.04	4.177
