20 PA3-G-Output.txt
20.30 23.07 16.71	20.07 22.65 16.56	0.499
0.82 -9.88 18.18	0.84 -8.52 17.90	1.391
24.22 -1.29 -27.53	23.90 -1.73 -28.38	1.014
22.33 -11.51 -0.80	21.70 -9.45 -1.77	2.366
-41.25 -19.48 -22.03	-41.70 -19.66 -21.91	0.499
6.01 -15.86 -6.80	6.22 -14.74 -6.99	1.151
-31.81 5.55 -37.97	-32.94 7.69 -38.90	2.589
-31.65 -3.70 -9.75	-31.23 -4.35 -11.25	1.684
-7.03 6.79 60.23	-9.01 7.01 60.27	1.989
-0.27 17.90 51.57	-0.84 18.77 51.71	1.054
-30.99 4.18 -40.15	-32.61 5.86 -42.08	3.030
-20.05 -8.72 -48.96	-19.83 -8.51 -51.37	2.427
22.51 16.39 -29.34	22.97 16.69 -29.92	0.809
-6.53 1.64 55.40	-8.99 1.39 55.55	2.471
-2.69 -5.11 46.18	-3.10 -5.62 46.25	0.663
-7.09 5.57 58.05	-9.74 5.58 58.12	2.644
24.61 24.16 -14.69	24.76 24.47 -14.68	0.347
11.43 5.61 62.92	11.45 5.55 61.25	1.669
-2.62 15.59 54.84	-3.65 16.89 55.12	1.683
25.64 -7.18 9.53	25.55 -5.57 9.09	1.677
