200 PA4-E-Debug-Output.txt
29.36 10.75 -28.30	29.36 10.74 -28.30	0.005
7.18 9.53 -13.28	7.18 9.58 -13.32	0.061
-6.87 4.26 59.60	-6.82 4.28 59.59	0.058
-0.27 18.91 45.85	-0.26 18.88 45.85	0.033
-8.62 3.50 27.60	-8.48 3.54 27.56	0.146
-22.31 -32.64 -24.88	-22.31 -32.69 -24.88	0.048
-4.56 -21.57 -36.87	-4.49 -21.63 -36.92	0.105
19.60 -15.43 -3.88	19.58 -15.37 -3.94	0.084
-18.83 11.67 -31.74	-18.82 11.70 -31.75	0.030
-12.28 10.75 18.66	-12.27 10.75 18.66	0.010
27.72 11.64 22.88	27.60 11.60 22.83	0.140
30.90 18.74 -17.81	30.96 18.77 -17.83	0.071
-26.00 0.08 -12.06	-26.03 0.13 -12.01	0.078
8.69 -6.49 38.37	8.71 -6.62 38.37	0.130
-9.42 -13.41 -1.13	-9.43 -13.45 -1.11	0.048
34.39 16.21 -1.58	34.26 16.09 -1.55	0.178
14.67 26.71 -3.81	14.66 26.85 -3.83	0.139
14.45 10.22 -16.58	14.49 10.21 -16.56	0.041
-11.90 2.85 14.56	-11.90 2.85 14.56	0.002
12.12 11.77 -12.34	12.13 11.75 -12.31	0.033
23.85 -15.02 -9.86	23.72 -14.88 -9.89	0.193
-15.31 -13.20 -3.24	-15.32 -13.23 -3.21	0.043
-41.57 -19.36 -23.48	-41.48 -19.32 -23.48	0.093
29.57 13.12 17.15	29.59 13.13 17.16	0.027
21.39 25.91 0.52	21.37 25.85 0.51	0.070
21.75 -3.91 29.22	21.61 -3.71 29.15	0.250
17.62 -7.02 16.04	17.67 -7.21 16.07	0.198
-10.10 9.36 -23.03	-10.13 9.32 -23.02	0.044
-7.24 5.09 -30.56	-7.25 5.08 -30.55	0.013
-0.42 -15.12 -34.70	-0.40 -15.12 -34.70	0.020
26.16 21.75 11.19	26.15 21.74 11.18	0.009
-34.10 -26.83 -18.35	-34.10 -26.82 -18.35	0.004
-38.18 3.33 -21.88	-38.24 3.39 -21.86	0.087
-42.41 -2.13 -25.21	-42.43 -2.12 -25.21	0.024
-25.94 -15.36 -47.79	-25.94 -15.36 -47.78	0.003
12.98 23.87 -11.19	12.91 24.00 -11.24	0.160
18.58 25.77 -10.73	18.59 25.88 -10.75	0.116
-2.49 -5.30 45.05	-2.51 -5.36 45.06	0.063
26.72 7.74 -30.28	26.72 7.74 -30.26	0.021
27.08 22.93 4.29	27.07 22.92 4.28	0.016
-4.71 -2.39 53.59	-4.71 -2.39 53.59	0.003
-16.16 18.76 25.73	-16.17 18.77 25.73	0.003
-22.10 -12.83 -47.82	-22.10 -12.83 -47.83	0.008
25.44 -13.70 -16.75	25.43 -13.69 -16.75	0.013
-6.52 -8.13 -43.75	-6.52 -8.13 -43.75	0.002
-21.37 10.48 -35.53	-21.37 10.49 -35.54	0.009
-16.63 -27.95 -13.72	-16.64 -27.93 -13.74	0.022
-37.41 -10.39 -10.23	-37.51 -10.40 -10.17	0.119
37.92 11.47 2.41	38.01 11.52 2.42	0.104
-21.63 -10.21 -3.97	-21.60 -10.20 -4.02	0.060
-28.68 -31.08 -29.60	-28.75 -31.24 -29.60	0.170
34.39 0.11 -21.87	34.52 0.11 -21.95	0.158
-17.56 10.93 -21.24	-17.58 10.89 -21.26	0.052
34.87 15.89 -9.93	34.85 15.87 -9.94	0.030
7.41 -12.98 -20.89	7.40 -12.98 -20.89	0.002
33.23 14.84 10.44	33.20 14.81 10.41	0.053
11.80 26.92 4.79	11.83 26.85 4.77	0.085
-41.95 -16.76 -29.31	-41.98 -16.77 -29.33	0.040
-4.07 18.99 11.63	-4.01 18.93 11.68	0.097
11.00 -7.52 19.70	11.01 -7.62 19.73	0.103
40.49 2.66 -4.09	40.32 2.77 -4.12	0.206
31.11 -6.93 7.17	31.13 -6.96 7.18	0.035
10.04 -6.71 50.88	10.04 -6.69 50.88	0.024
21.19 -3.68 -24.61	21.22 -3.68 -24.58	0.051
-0.29 16.75 4.13	-0.26 16.71 4.16	0.058
9.44 -7.00 60.55	9.46 -7.08 60.55	0.079
-40.86 -10.83 -31.07	-40.95 -10.88 -31.13	0.121
8.21 23.14 26.53	8.21 23.17 26.54	0.026
-28.59 -30.32 -19.32	-28.57 -30.27 -19.34	0.057
17.79 17.68 53.03	17.73 17.62 53.02	0.079
5.79 -12.71 -21.97	5.85 -12.76 -22.10	0.154
-7.56 -21.37 -41.13	-7.56 -21.38 -41.13	0.003
-0.30 -7.87 28.08	-0.32 -7.97 28.10	0.109
33.71 2.37 13.77	33.72 2.37 13.78	0.012
-5.83 -0.27 49.58	-5.84 -0.27 49.58	0.014
-33.51 -7.52 -8.47	-33.50 -7.53 -8.50	0.034
-39.49 -22.00 -21.73	-39.58 -22.06 -21.72	0.110
-34.54 6.72 -21.44	-34.48 6.65 -21.46	0.096
35.86 6.33 -18.67	35.92 6.34 -18.70	0.063
-12.13 9.14 20.78	-12.06 9.15 20.79	0.071
16.79 22.12 30.23	16.78 22.10 30.23	0.022
-4.22 -3.14 52.49	-4.10 -3.03 52.47	0.162
-3.01 -0.16 63.37	-3.01 -0.16 63.42	0.055
10.16 23.05 27.80	10.16 23.02 27.79	0.024
-44.30 -10.04 -25.08	-44.26 -10.04 -25.07	0.040
25.56 14.10 -28.63	25.55 14.09 -28.63	0.011
18.45 -11.14 -19.97	18.43 -11.18 -20.01	0.051
29.09 -1.28 18.56	29.07 -1.27 18.54	0.023
26.50 1.80 27.15	26.66 1.74 27.21	0.182
-20.26 -9.72 -3.39	-20.27 -9.72 -3.38	0.013
-8.22 11.03 8.06	-8.13 10.94 8.09	0.125
-27.43 -26.96 -12.06	-27.47 -27.01 -12.03	0.073
-8.46 10.84 9.13	-8.53 10.90 9.11	0.096
7.90 23.80 21.49	7.89 23.92 21.50	0.120
31.35 12.78 14.10	31.34 12.77 14.09	0.016
5.79 -7.07 34.67	5.79 -7.07 34.67	0.005
-22.03 -1.09 -8.39	-22.14 -0.98 -8.27	0.199
-16.59 -1.47 0.99	-16.70 -1.45 1.05	0.131
-39.57 2.39 -29.34	-39.52 2.36 -29.34	0.055
24.20 18.40 22.93	24.16 18.36 22.92	0.058
-17.42 -30.60 -35.70	-17.43 -30.55 -35.68	0.049
13.43 -8.39 14.18	13.43 -8.40 14.19	0.016
-4.05 -15.92 -4.51	-4.05 -15.92 -4.52	0.003
-39.54 2.38 -28.54	-39.54 2.38 -28.55	0.002
6.52 -14.99 -19.00	6.46 -14.93 -18.97	0.085
15.66 21.42 38.17	15.71 21.63 38.16	0.212
30.09 14.01 15.79	29.91 13.90 15.73	0.220
-3.73 8.42 63.31	-3.70 8.39 63.24	0.084
18.26 12.16 63.01	18.27 12.16 63.12	0.116
0.86 20.40 41.39	0.86 20.42 41.39	0.023
-32.11 -11.87 -46.68	-32.10 -11.88 -46.64	0.042
-17.53 0.24 -2.38	-17.54 0.24 -2.38	0.013
-6.91 -0.47 33.34	-6.82 -0.45 33.33	0.099
37.91 1.42 -13.62	37.95 1.42 -13.64	0.040
5.88 21.35 36.59	5.88 21.45 36.59	0.099
-30.66 -27.62 -15.94	-30.66 -27.62 -15.94	0.006
-12.43 1.32 11.43	-12.44 1.32 11.43	0.015
8.76 -13.57 -18.92	8.77 -13.58 -18.93	0.008
2.02 10.26 -10.37	1.98 10.38 -10.41	0.136
20.48 19.09 33.75	20.57 19.14 33.77	0.108
-4.48 -12.55 2.29	-4.48 -12.54 2.29	0.010
-28.48 -25.52 -11.26	-28.49 -25.53 -11.24	0.022
6.91 -6.38 63.26	6.91 -6.38 63.26	0.002
-32.60 7.32 -19.06	-32.59 7.30 -19.08	0.032
-7.94 21.11 37.12	-7.89 20.95 37.01	0.206
18.81 -13.89 -1.34	18.77 -13.79 -1.41	0.125
31.39 -7.34 5.26	31.44 -7.42 5.27	0.094
24.42 0.13 33.02	24.32 0.18 33.00	0.112
-6.85 8.45 45.74	-6.81 8.45 45.74	0.035
25.05 24.19 -7.17	25.02 24.12 -7.17	0.067
-37.45 -23.74 -34.22	-37.33 -23.65 -34.18	0.153
10.05 24.44 19.71	10.05 24.27 19.68	0.170
-4.64 -23.20 -16.78	-4.59 -23.28 -16.74	0.103
11.21 13.44 -11.34	11.22 13.44 -11.33	0.012
-26.29 -29.11 -15.20	-26.28 -29.05 -15.22	0.067
-31.26 -27.11 -15.71	-31.26 -27.11 -15.71	0.008
25.23 7.41 34.81	25.13 7.40 34.78	0.105
2.72 -11.65 10.55	2.73 -11.60 10.53	0.050
-12.68 4.48 7.89	-12.69 4.48 7.88	0.011
-24.18 -30.60 -35.44	-24.21 -30.72 -35.50	0.136
12.50 12.93 63.02	12.50 12.94 63.10	0.080
-42.75 -16.06 -22.99	-42.72 -16.04 -23.00	0.035
-5.57 -5.24 29.01	-5.54 -5.20 29.01	0.052
-6.96 5.09 59.62	-7.10 5.09 59.62	0.133
-30.65 -19.04 -7.96	-30.65 -19.04 -7.98	0.020
-4.92 14.23 7.68	-4.88 14.19 7.72	0.068
-4.13 -3.04 53.95	-4.20 -3.09 53.94	0.085
-14.07 22.66 25.95	-14.10 22.69 25.95	0.045
-38.14 -0.26 -37.73	-38.09 -0.30 -37.69	0.073
13.24 25.06 14.34	13.25 25.11 14.35	0.057
-15.19 -31.90 -25.65	-15.21 -31.85 -25.65	0.048
-8.35 11.22 8.72	-8.22 11.10 8.77	0.183
-7.13 6.47 57.01	-7.09 6.47 57.01	0.040
-1.29 12.02 62.99	-1.29 12.02 63.02	0.027
-28.20 -21.58 -7.72	-28.20 -21.57 -7.74	0.018
-21.48 -0.72 -46.73	-21.48 -0.72 -46.72	0.012
-3.22 -20.81 -13.67	-3.23 -20.81 -13.67	0.010
-42.09 -9.71 -17.48	-42.14 -9.71 -17.46	0.052
7.42 -7.09 50.07	7.42 -6.95 50.08	0.134
-23.49 -28.21 -13.27	-23.50 -28.20 -13.27	0.008
-22.89 5.38 -14.24	-22.90 5.40 -14.22	0.033
-39.70 1.88 -22.64	-39.75 1.91 -22.63	0.060
-9.27 -27.09 -16.66	-9.35 -27.00 -16.73	0.143
-10.38 -18.12 -44.75	-10.38 -18.12 -44.75	0.001
0.02 21.68 11.12	0.08 21.59 11.15	0.114
32.32 18.65 3.06	32.40 18.72 3.07	0.107
21.15 -13.74 -3.15	21.16 -13.75 -3.14	0.018
20.55 -1.07 46.47	20.62 -1.13 46.49	0.092
3.01 8.69 63.34	3.01 8.70 63.39	0.056
-2.51 -10.63 -39.25	-2.50 -10.64 -39.26	0.014
6.56 19.68 57.63	6.52 19.79 57.64	0.115
-34.46 -2.63 -10.77	-34.54 -2.63 -10.73	0.085
21.99 17.87 -28.72	21.99 17.86 -28.72	0.004
21.34 4.67 59.36	21.08 4.72 59.33	0.270
13.95 22.71 30.63	13.93 22.59 30.64	0.120
-3.56 -5.16 38.62	-3.52 -5.11 38.61	0.059
23.68 9.27 42.34	23.67 9.27 42.34	0.008
-2.01 -6.44 35.30	-2.01 -6.43 35.30	0.007
-36.84 -25.85 -27.85	-36.88 -25.88 -27.85	0.047
-7.25 11.52 42.29	-7.20 11.53 42.27	0.046
-41.53 -19.40 -22.97	-41.43 -19.36 -22.98	0.105
-11.82 15.41 36.10	-11.80 15.42 36.08	0.028
-25.64 -6.37 -47.88	-25.65 -6.37 -47.84	0.042
-1.06 -10.34 -34.78	-1.03 -10.34 -34.79	0.033
-28.19 2.77 -13.39	-28.19 2.77 -13.38	0.006
-4.97 13.46 50.94	-4.96 13.45 50.93	0.019
-6.24 2.52 -32.14	-6.09 2.57 -32.14	0.154
-28.66 10.51 -22.75	-28.65 10.49 -22.76	0.017
-0.32 -20.47 -25.73	-0.30 -20.48 -25.74	0.027
-3.91 -9.61 14.33	-3.95 -9.68 14.35	0.087
-2.06 -10.86 -37.82	-1.99 -10.86 -37.83	0.079
-11.12 -19.17 -44.96	-11.11 -19.18 -44.95	0.009
-25.62 11.62 -24.69	-25.63 11.65 -24.69	0.024
-4.03 -19.49 -38.42	-4.03 -19.50 -38.43	0.007
4.48 -17.34 -15.20	4.45 -17.29 -15.20	0.059
16.71 7.16 63.15	16.71 7.16 63.15	0.002
-41.56 -2.41 -32.30	-41.47 -2.43 -32.26	0.099
-34.69 -8.37 -8.38	-34.71 -8.34 -8.32	0.073
7.17 18.88 61.39	7.17 18.93 61.43	0.062
7.55 -5.97 63.37	7.55 -5.97 63.42	0.051
