200 PA4-F-Debug-Output.txt
15.56 11.14 -24.38	15.59 11.17 -24.39	0.044
-4.51 -24.94 -20.73	-4.47 -24.98 -20.71	0.058
28.39 21.18 -19.24	28.40 21.19 -19.24	0.016
10.85 2.39 63.09	10.85 2.39 63.09	0.004
-35.96 -14.07 -9.41	-35.94 -14.07 -9.43	0.025
-14.20 -0.54 -45.88	-14.20 -0.55 -45.86	0.024
13.50 -6.46 26.00	13.50 -6.51 26.00	0.050
-39.53 -17.07 -14.97	-39.54 -17.08 -14.96	0.019
-30.89 -27.67 -16.26	-30.90 -27.69 -16.25	0.028
1.99 -4.66 -25.92	1.97 -4.67 -25.88	0.048
-7.04 5.13 59.16	-7.09 5.13 59.16	0.049
2.80 20.41 4.03	2.85 20.38 4.06	0.072
-3.35 -4.14 -35.84	-3.36 -4.14 -35.84	0.003
-26.09 -23.58 -8.87	-26.09 -23.58 -8.87	0.002
16.86 -2.60 61.44	16.94 -2.65 61.55	0.145
0.89 -6.54 -27.55	0.92 -6.53 -27.58	0.038
-5.83 25.12 25.88	-5.86 24.96 25.88	0.165
-8.63 4.78 -36.57	-8.66 4.75 -36.55	0.047
-19.13 -22.61 -8.47	-19.12 -22.62 -8.45	0.024
-31.29 9.32 -28.89	-31.28 9.31 -28.89	0.014
-2.53 -5.12 57.22	-2.54 -5.12 57.22	0.003
24.51 -14.87 -14.11	24.46 -14.79 -14.11	0.097
-11.91 -14.47 -46.94	-11.90 -14.47 -47.00	0.061
14.36 -0.94 63.03	14.36 -0.94 62.99	0.038
14.46 -16.47 -2.92	14.46 -16.49 -2.91	0.021
16.98 -4.10 48.46	16.98 -4.11 48.46	0.004
19.36 15.21 56.17	19.24 15.12 56.16	0.147
-20.48 10.17 -35.75	-20.48 10.25 -35.81	0.102
-18.03 11.50 -32.20	-18.03 11.48 -32.20	0.026
31.04 0.99 -27.40	30.88 0.99 -27.31	0.181
20.72 1.79 55.24	20.84 1.74 55.25	0.125
-26.07 -22.32 -44.91	-26.07 -22.34 -44.92	0.024
28.04 -0.29 20.94	28.14 -0.33 20.99	0.121
-8.22 -22.62 -12.02	-8.24 -22.59 -12.03	0.039
10.26 -12.85 -18.79	10.29 -12.91 -18.84	0.079
-7.27 2.91 33.41	-7.21 2.91 33.41	0.053
-6.18 10.68 50.55	-6.00 10.62 50.55	0.183
-7.62 -17.66 -43.16	-7.63 -17.65 -43.15	0.015
21.33 12.59 52.86	21.19 12.54 52.84	0.148
15.96 22.06 29.94	15.98 22.24 29.97	0.189
2.51 22.59 30.95	2.51 22.59 30.95	0.003
13.40 21.02 -29.32	13.40 21.05 -29.37	0.052
12.37 26.24 -4.68	12.40 26.16 -4.67	0.083
-44.15 -9.74 -24.15	-44.12 -9.73 -24.16	0.035
32.92 -5.47 -21.73	32.96 -5.50 -21.74	0.056
17.52 16.88 -30.93	17.52 16.86 -30.87	0.071
3.12 24.10 19.35	3.12 24.09 19.35	0.010
20.34 18.55 -29.26	20.32 18.53 -29.23	0.041
6.84 -12.10 8.46	6.86 -12.19 8.50	0.104
3.29 11.30 -9.49	3.31 11.26 -9.47	0.040
27.87 -3.52 16.52	27.93 -3.59 16.55	0.095
-7.36 10.74 41.31	-7.37 10.74 41.31	0.010
18.07 -10.39 6.11	18.05 -10.33 6.08	0.071
-15.79 -21.18 -45.24	-15.79 -21.18 -45.25	0.007
-6.92 4.53 -31.43	-6.90 4.55 -31.43	0.029
21.00 21.50 22.33	21.00 21.50 22.33	0.000
-9.66 -21.16 -9.55	-9.66 -21.13 -9.60	0.051
23.94 12.76 35.46	23.89 12.74 35.45	0.050
-6.83 3.22 46.39	-6.66 3.24 46.39	0.168
26.03 0.37 27.25	26.03 0.37 27.25	0.001
-4.15 0.51 -29.83	-4.12 0.53 -29.85	0.037
-37.86 4.42 -24.50	-37.90 4.45 -24.50	0.051
3.11 -0.52 -23.30	3.12 -0.51 -23.31	0.019
7.86 21.69 35.12	7.86 21.73 35.13	0.040
-15.96 10.76 -21.80	-15.97 10.77 -21.79	0.019
24.01 -4.67 20.44	23.95 -4.57 20.41	0.117
-4.98 -22.26 -14.18	-5.02 -22.20 -14.22	0.086
-22.06 -19.24 -47.17	-22.07 -19.26 -47.24	0.074
-29.59 -30.89 -24.22	-29.62 -30.95 -24.22	0.063
-5.03 12.12 56.54	-5.11 12.16 56.53	0.091
-2.37 -21.99 -33.78	-2.42 -21.97 -33.76	0.064
0.87 -12.14 5.65	0.88 -11.99 5.62	0.154
-1.25 -9.64 -35.00	-1.19 -9.63 -35.01	0.061
20.71 -13.31 -2.15	20.71 -13.32 -2.15	0.011
-6.09 -19.95 -10.32	-6.07 -20.00 -10.27	0.070
4.30 -7.19 35.79	4.30 -7.17 35.79	0.016
14.69 -17.35 -7.62	14.64 -17.60 -7.65	0.256
-12.51 -0.29 11.34	-12.41 -0.28 11.31	0.112
14.05 -3.16 -22.17	14.05 -3.16 -22.16	0.013
18.93 16.34 51.79	19.01 16.41 51.81	0.109
-28.55 -27.52 -13.59	-28.52 -27.49 -13.62	0.052
-23.68 -32.70 -29.18	-23.68 -32.72 -29.18	0.019
19.97 -11.31 1.94	19.96 -11.29 1.94	0.016
-28.08 2.99 -13.53	-28.09 3.01 -13.49	0.048
7.27 14.84 -8.40	7.24 14.88 -8.49	0.096
-33.17 -16.94 -8.57	-33.15 -16.92 -8.61	0.058
23.21 12.43 39.86	23.25 12.44 39.87	0.041
27.62 -12.19 -17.41	27.64 -12.21 -17.41	0.027
-11.79 19.24 35.87	-11.76 19.22 35.83	0.054
11.72 25.96 10.94	11.71 25.99 10.95	0.032
10.88 22.65 28.99	10.88 22.79 29.01	0.136
24.57 -14.80 -15.13	24.49 -14.69 -15.08	0.149
3.67 -4.22 -24.65	3.63 -4.23 -24.59	0.075
-20.03 2.30 -9.82	-20.02 2.29 -9.83	0.014
-16.20 10.20 -35.36	-16.20 10.20 -35.36	0.005
-4.70 -4.01 37.86	-4.73 -4.03 37.87	0.035
23.19 18.38 25.87	23.13 18.34 25.85	0.080
-31.89 -27.38 -16.41	-31.89 -27.37 -16.41	0.007
-6.70 10.68 45.75	-6.56 10.66 45.74	0.142
0.91 -12.29 -29.08	0.84 -12.29 -29.05	0.075
-2.72 12.38 -0.17	-2.72 12.38 -0.17	0.005
-3.61 1.41 -28.30	-3.65 1.39 -28.27	0.050
-10.59 -20.17 -8.94	-10.59 -20.19 -8.92	0.027
-27.85 1.02 -12.53	-27.84 1.01 -12.56	0.039
-43.41 -4.30 -26.94	-43.35 -4.33 -26.94	0.065
10.96 18.15 -11.72	10.97 18.16 -11.71	0.016
26.57 -12.99 -17.23	26.54 -12.94 -17.22	0.063
27.32 1.23 25.07	27.26 1.25 25.05	0.065
22.84 0.22 38.80	22.69 0.31 38.75	0.182
2.29 -6.83 43.47	2.29 -6.86 43.47	0.030
37.37 1.93 -14.86	37.29 1.92 -14.82	0.095
-6.61 18.24 12.97	-6.61 18.24 12.98	0.007
-17.58 -28.65 -39.02	-17.58 -28.63 -39.01	0.017
-1.75 -10.75 12.63	-1.75 -10.76 12.63	0.005
14.96 -3.30 -22.20	14.96 -3.30 -22.20	0.001
-11.76 -30.35 -30.01	-11.76 -30.35 -30.01	0.005
5.15 -7.06 48.30	5.15 -7.11 48.30	0.045
21.78 8.67 56.17	21.79 8.67 56.17	0.011
17.67 -7.09 16.39	17.68 -7.15 16.40	0.062
18.14 -7.24 -23.18	18.16 -7.25 -23.13	0.052
-39.91 -17.11 -15.35	-39.83 -17.08 -15.39	0.091
10.09 -7.09 60.09	10.03 -6.89 60.11	0.208
-4.81 -2.24 62.75	-4.71 -2.20 62.65	0.142
-6.86 -20.89 -10.54	-6.87 -20.89 -10.55	0.007
-6.03 10.94 59.95	-5.91 10.88 59.95	0.139
6.42 -12.42 -21.93	6.44 -12.44 -22.00	0.073
17.71 24.08 15.25	17.74 24.17 15.27	0.095
-9.06 8.01 31.69	-9.01 8.05 31.67	0.065
-36.76 -16.58 -10.59	-36.65 -16.54 -10.68	0.145
-12.39 8.10 -35.95	-12.39 8.12 -35.96	0.020
29.05 1.79 20.98	29.04 1.79 20.98	0.003
20.64 1.16 55.05	20.62 1.16 55.05	0.018
30.77 19.56 7.79	30.81 19.61 7.80	0.064
6.71 -12.75 4.50	6.71 -12.80 4.51	0.050
21.51 4.00 55.00	21.48 4.00 54.99	0.033
3.36 -7.00 47.21	3.37 -6.97 47.21	0.029
20.89 16.02 42.82	20.86 16.00 42.82	0.039
-21.16 -18.16 -6.36	-21.16 -18.17 -6.34	0.019
-31.98 -16.94 -8.14	-31.96 -16.93 -8.18	0.050
-5.52 -1.20 49.20	-5.53 -1.21 49.20	0.012
-7.38 -17.74 -6.67	-7.38 -17.69 -6.72	0.062
-7.29 -2.38 28.47	-7.34 -2.38 28.48	0.054
-12.37 -0.90 10.62	-12.52 -0.92 10.67	0.164
32.08 14.30 12.20	32.11 14.32 12.23	0.053
-6.63 -14.49 -43.26	-6.66 -14.47 -43.22	0.048
20.71 21.05 24.53	20.74 21.10 24.53	0.058
-3.10 -3.95 -33.27	-3.25 -3.98 -33.25	0.157
40.35 2.99 -2.97	40.29 3.03 -2.98	0.076
-4.93 23.37 32.92	-4.94 23.35 32.91	0.025
-27.73 -20.51 -45.95	-27.73 -20.51 -45.94	0.001
-5.48 -6.55 -42.18	-5.44 -6.54 -42.21	0.051
19.13 7.11 -26.65	19.09 7.09 -26.68	0.058
24.15 12.51 35.09	24.06 12.48 35.07	0.101
-43.93 -8.35 -26.41	-44.00 -8.33 -26.43	0.069
20.47 11.56 61.25	20.48 11.57 61.25	0.010
-4.45 -19.22 -38.95	-4.42 -19.23 -38.97	0.038
-27.96 -22.56 -8.57	-27.95 -22.54 -8.59	0.027
1.36 -6.67 46.38	1.35 -6.76 46.38	0.093
-2.01 -10.31 -38.02	-1.99 -10.31 -38.03	0.027
18.05 26.64 4.61	18.02 26.50 4.59	0.137
18.69 -3.66 41.36	18.71 -3.68 41.36	0.032
-5.18 -1.75 58.24	-5.29 -1.83 58.24	0.144
23.46 13.47 -29.96	23.46 13.45 -29.95	0.024
22.13 6.44 53.35	22.14 6.44 53.36	0.006
12.63 17.38 -17.87	12.51 17.31 -17.85	0.142
-15.50 -23.97 -43.34	-15.49 -24.00 -43.37	0.042
-33.92 -25.86 -16.33	-33.88 -25.82 -16.36	0.072
3.38 -1.58 63.31	3.38 -1.58 63.34	0.024
-39.81 -19.07 -17.00	-39.78 -19.06 -17.01	0.036
33.63 -5.18 -2.22	33.66 -5.20 -2.22	0.040
-27.82 -15.53 -47.35	-27.83 -15.54 -47.37	0.032
-22.39 -7.10 -48.34	-22.40 -7.12 -48.29	0.052
-11.25 20.85 17.67	-11.22 20.82 17.70	0.049
26.33 14.78 -27.95	26.32 14.77 -27.92	0.034
29.90 10.83 17.70	30.02 10.88 17.77	0.149
-30.42 -27.32 -38.09	-30.38 -27.26 -38.05	0.081
0.61 -6.83 54.10	0.68 -6.67 54.12	0.172
29.93 21.06 -15.46	29.84 20.98 -15.44	0.124
-34.63 -26.29 -34.73	-34.61 -26.27 -34.72	0.027
15.41 -0.30 -21.65	15.41 -0.31 -21.64	0.018
-14.83 9.57 -35.76	-14.88 9.50 -35.74	0.089
-10.55 22.35 18.82	-10.59 22.41 18.76	0.092
-3.12 16.17 7.97	-3.11 16.16 7.98	0.014
22.48 -6.55 13.73	22.48 -6.53 13.72	0.016
-14.44 -23.65 -9.98	-14.44 -23.68 -9.95	0.045
-7.44 -4.26 23.50	-7.60 -4.33 23.53	0.184
21.32 16.42 38.42	21.29 16.40 38.42	0.034
16.03 -5.08 -22.47	16.03 -5.08 -22.47	0.000
-15.92 5.74 -41.75	-15.93 5.74 -41.74	0.005
37.89 4.48 8.79	37.91 4.48 8.80	0.023
-7.35 -6.63 17.98	-7.35 -6.63 17.98	0.009
-13.77 6.92 -13.62	-13.77 6.93 -13.61	0.009
-23.97 4.95 -42.33	-23.98 4.95 -42.34	0.012
26.71 -11.90 -7.05	26.71 -11.90 -7.05	0.001
23.72 13.39 34.23	23.86 13.46 34.26	0.160
15.76 27.17 -1.52	15.76 27.20 -1.52	0.037
-41.08 -9.38 -31.97	-41.13 -9.40 -32.00	0.064
36.58 6.82 -16.02	36.64 6.83 -16.03	0.062
20.81 0.06 -25.27	20.84 0.07 -25.25	0.033
-27.46 -30.65 -18.45	-27.40 -30.57 -18.48	0.098
