200 PA4-B-Debug-Output.txt
-10.57 -26.18 -15.39	-10.53 -26.34 -15.22	0.237
4.08 -7.35 54.97	4.03 -7.34 54.90	0.092
17.13 27.08 -3.90	17.03 26.91 -3.93	0.202
-10.79 -29.16 -21.03	-10.77 -29.27 -21.06	0.124
26.09 21.00 12.94	26.07 21.11 12.88	0.125
-21.95 -18.59 -6.64	-22.02 -18.59 -6.41	0.237
24.59 16.07 -28.41	24.38 15.97 -28.19	0.313
-1.42 16.35 55.28	-1.48 16.41 55.22	0.109
14.54 -2.00 -22.54	14.48 -1.95 -22.17	0.384
-27.99 -11.24 -6.82	-28.04 -11.12 -6.62	0.244
-6.85 8.25 45.33	-6.89 8.28 45.26	0.089
-8.79 7.22 -26.80	-8.79 7.36 -26.89	0.160
20.21 -11.93 -21.16	20.33 -11.75 -21.10	0.230
20.60 -14.28 -17.68	20.54 -14.11 -17.64	0.189
17.03 10.61 -28.14	17.11 10.83 -28.12	0.234
26.06 5.51 30.74	26.23 5.53 30.72	0.178
5.94 -6.98 46.19	5.90 -6.98 46.11	0.092
-29.64 -24.21 -10.75	-29.74 -24.23 -10.76	0.103
36.48 13.32 6.71	36.51 13.45 6.67	0.145
-13.63 5.49 -8.55	-13.65 5.44 -8.64	0.101
37.34 -0.81 -1.27	37.52 -1.01 -1.37	0.296
37.17 3.25 -14.81	37.04 3.29 -14.86	0.150
20.50 3.48 -27.20	20.71 3.68 -27.14	0.294
-27.20 -12.25 -6.54	-27.27 -12.13 -6.34	0.245
-4.36 -25.85 -27.10	-4.35 -25.90 -27.19	0.112
-10.76 7.06 -10.09	-10.82 7.05 -10.18	0.099
-39.94 -12.70 -35.75	-39.83 -12.72 -35.86	0.151
37.43 -0.87 -4.87	37.69 -1.13 -4.92	0.369
2.19 -6.81 45.55	2.14 -6.81 45.47	0.092
15.93 2.84 -22.07	16.05 2.86 -21.65	0.442
12.48 -6.19 45.56	12.45 -6.25 45.48	0.105
-12.07 -27.76 -16.43	-12.13 -27.92 -16.39	0.171
-3.75 19.07 10.98	-3.59 18.88 11.09	0.273
11.99 -10.77 8.27	12.00 -11.02 8.28	0.246
-38.72 -19.02 -37.75	-38.53 -18.83 -37.67	0.282
-21.67 -20.14 -6.91	-21.73 -20.23 -6.76	0.185
28.67 -1.28 18.37	28.93 -1.48 18.52	0.361
14.01 23.71 21.42	13.94 23.72 21.33	0.106
39.57 5.07 2.57	39.80 5.09 2.50	0.238
14.66 -11.53 5.08	14.67 -11.83 5.25	0.349
-4.73 -2.65 61.44	-4.81 -2.64 61.36	0.108
17.00 26.39 6.96	16.93 26.41 6.88	0.110
-16.24 -12.44 -3.32	-16.38 -12.49 -3.23	0.177
2.32 24.14 15.14	2.32 23.97 15.11	0.174
37.52 11.42 -6.63	37.46 11.48 -6.72	0.120
-4.97 -0.79 62.44	-5.22 -0.81 62.59	0.289
-31.51 -8.68 -7.36	-31.61 -8.61 -7.41	0.129
-43.81 -5.70 -23.22	-43.62 -5.66 -23.29	0.211
-5.79 -26.75 -24.39	-5.75 -26.86 -24.45	0.133
31.98 18.63 -4.44	31.99 18.74 -4.52	0.137
-1.17 -3.45 -28.53	-1.26 -3.41 -28.59	0.118
10.61 -6.85 25.19	10.57 -7.00 25.12	0.160
-36.89 5.59 -25.57	-36.87 5.53 -25.64	0.099
31.44 14.05 -23.20	31.30 14.06 -23.25	0.149
-39.87 -19.64 -17.56	-39.87 -19.57 -17.66	0.122
32.74 6.87 -24.89	32.73 6.92 -25.01	0.135
4.14 -16.02 -21.19	4.09 -16.00 -21.29	0.122
-0.96 21.85 34.82	-1.00 21.95 34.77	0.117
-31.80 5.39 -15.27	-31.88 5.45 -15.32	0.111
-42.30 -17.48 -28.92	-42.10 -17.35 -28.82	0.253
-37.69 -11.64 -10.71	-37.76 -11.60 -10.78	0.102
-17.27 10.70 -34.68	-17.36 10.69 -34.73	0.101
21.36 0.82 48.37	21.41 0.82 48.30	0.083
18.87 24.07 14.18	18.80 24.09 14.10	0.109
25.07 23.83 5.38	25.00 23.86 5.30	0.113
-21.31 -30.70 -16.75	-21.39 -30.81 -16.71	0.141
-9.77 -1.62 17.43	-9.79 -1.57 17.35	0.096
12.65 16.78 -17.99	12.71 16.92 -18.09	0.179
-35.00 -24.68 -16.17	-35.06 -24.63 -16.24	0.107
-14.62 21.82 23.10	-14.49 21.73 23.09	0.157
-3.97 -10.27 10.22	-4.05 -10.29 10.16	0.107
27.92 16.67 -25.17	27.73 16.64 -25.16	0.184
33.33 17.44 5.47	33.30 17.52 5.39	0.116
26.03 20.39 14.00	26.15 20.58 14.05	0.239
10.26 21.83 38.70	10.22 21.74 38.63	0.119
26.62 -3.89 -26.88	26.63 -3.67 -26.74	0.257
27.17 22.42 -18.60	27.04 22.39 -18.66	0.145
28.88 20.88 8.63	28.85 20.97 8.57	0.121
-41.00 -12.39 -30.46	-40.80 -12.21 -30.34	0.290
-3.26 15.34 51.41	-3.31 15.37 51.34	0.091
6.30 17.98 62.47	6.28 18.18 62.54	0.210
32.52 12.87 12.18	32.73 13.03 12.39	0.340
-25.14 11.22 -21.34	-25.19 11.19 -21.41	0.090
20.87 3.89 60.02	20.86 3.92 59.94	0.085
35.87 -2.70 7.72	36.14 -2.95 7.76	0.370
35.04 15.23 -6.20	35.01 15.30 -6.29	0.120
-6.36 0.95 41.65	-6.39 0.99 41.58	0.087
-9.49 -25.17 -14.63	-9.45 -25.33 -14.58	0.175
-14.44 9.18 -18.40	-14.52 9.29 -18.44	0.140
-5.78 -0.44 47.58	-5.85 -0.41 47.50	0.104
17.90 22.70 24.10	17.82 22.67 24.02	0.117
29.71 0.34 -28.11	29.60 0.42 -28.15	0.139
26.67 10.90 26.05	26.80 11.00 26.02	0.168
-26.99 -27.37 -40.10	-27.01 -27.15 -40.04	0.231
36.91 4.35 -14.91	36.85 4.40 -15.00	0.121
4.57 -6.44 -24.66	4.38 -6.42 -24.55	0.219
-2.60 0.02 -27.95	-2.67 0.08 -28.03	0.117
31.06 15.65 12.23	31.18 15.86 12.28	0.245
-37.30 -17.60 -12.06	-37.34 -17.54 -12.15	0.109
23.66 24.47 5.31	23.60 24.51 5.23	0.113
-7.48 -25.23 -36.83	-7.54 -25.19 -36.92	0.114
31.61 11.83 -25.07	31.46 11.85 -25.10	0.150
2.42 -6.84 45.44	2.37 -6.83 45.37	0.092
10.30 -16.25 -9.08	10.21 -16.32 -9.17	0.147
37.79 -0.53 -12.19	37.92 -0.60 -12.35	0.213
-4.53 11.99 1.80	-4.42 11.80 1.81	0.218
38.37 2.26 -12.45	38.37 2.31 -12.56	0.123
-23.62 3.47 -13.56	-23.73 3.58 -13.45	0.191
24.79 23.60 6.89	24.73 23.64 6.81	0.112
7.88 22.82 28.83	7.83 22.84 28.75	0.098
35.48 0.29 10.87	35.79 0.28 11.12	0.401
-16.14 19.83 24.42	-15.99 19.83 24.44	0.156
-38.40 3.55 -22.55	-38.40 3.53 -22.64	0.093
-7.99 19.90 14.56	-7.92 19.74 14.70	0.224
31.17 2.48 -26.91	31.14 2.53 -27.02	0.125
-2.40 -7.61 -34.31	-2.24 -7.46 -34.36	0.224
-16.64 11.13 -32.31	-16.71 11.22 -32.39	0.134
-42.12 -14.29 -18.52	-42.05 -14.21 -18.63	0.149
-12.79 -23.58 -43.29	-12.88 -23.49 -43.33	0.139
27.07 10.52 25.06	27.20 10.62 25.03	0.169
-34.91 -22.35 -13.03	-34.97 -22.30 -13.10	0.107
31.19 19.62 -2.90	31.20 19.73 -2.99	0.132
-16.52 -1.28 -47.21	-16.61 -1.30 -47.09	0.160
5.94 6.45 -16.87	5.80 6.28 -16.73	0.261
-14.69 11.15 -26.33	-14.77 11.20 -26.40	0.113
-23.98 -8.80 -5.78	-24.13 -8.74 -5.75	0.162
19.26 20.56 31.62	19.22 20.62 31.55	0.105
14.46 -5.80 40.96	14.45 -5.88 40.88	0.112
-38.34 -2.42 -39.48	-38.15 -2.49 -39.34	0.250
-38.92 -17.90 -14.58	-38.97 -17.85 -14.66	0.106
-7.88 12.18 39.66	-7.89 12.22 39.58	0.090
21.45 -0.89 42.17	21.51 -0.91 42.09	0.098
11.31 22.83 28.92	11.26 22.82 28.84	0.102
32.48 13.25 -22.36	32.34 13.25 -22.41	0.149
9.17 11.85 -11.66	9.28 11.56 -11.43	0.390
17.74 17.30 -31.12	17.67 17.14 -30.74	0.421
-7.48 22.33 17.07	-7.50 22.19 17.12	0.154
11.35 23.36 25.01	11.29 23.33 24.93	0.108
-34.97 0.69 -40.83	-34.89 0.57 -40.69	0.200
-29.02 -31.22 -23.33	-29.07 -31.14 -23.40	0.124
-43.57 -14.28 -24.25	-43.43 -14.18 -24.34	0.194
-5.98 1.27 59.76	-6.14 1.26 59.71	0.159
28.57 20.49 -20.87	28.40 20.43 -20.88	0.179
-11.49 -28.84 -35.13	-11.56 -28.79 -35.21	0.115
27.26 0.82 23.88	27.49 0.76 23.90	0.240
28.55 17.85 13.39	28.66 18.04 13.44	0.228
-5.24 -17.97 -8.61	-5.28 -18.14 -8.59	0.177
15.19 24.76 -16.05	15.34 24.42 -16.09	0.379
-31.50 -12.77 -47.03	-31.50 -12.65 -46.79	0.269
17.42 14.97 -31.33	17.53 15.18 -31.04	0.376
31.52 12.40 13.52	31.74 12.55 13.63	0.289
24.46 12.97 32.04	24.56 13.06 32.00	0.145
-37.59 2.70 -34.36	-37.50 2.58 -34.36	0.151
-22.16 3.02 -44.26	-22.24 2.95 -44.15	0.157
5.17 -4.33 -23.86	4.98 -4.32 -23.75	0.220
11.86 26.26 -4.79	11.95 25.94 -4.79	0.333
-6.70 21.39 15.41	-6.71 21.24 15.48	0.176
-19.33 -27.80 -12.73	-19.35 -27.92 -12.66	0.140
-3.49 -23.76 -30.73	-3.47 -23.79 -30.84	0.113
-1.57 17.54 48.38	-1.68 17.64 48.35	0.150
23.14 21.80 15.68	23.12 21.91 15.63	0.123
-7.02 5.55 60.17	-7.10 5.58 60.10	0.108
-15.45 -10.75 -1.42	-15.57 -10.79 -1.43	0.122
-2.03 -0.30 -27.36	-2.11 -0.26 -27.44	0.116
-11.97 -15.91 -5.07	-12.03 -16.05 -5.03	0.154
13.97 -6.34 25.76	13.94 -6.51 25.71	0.183
18.33 18.34 45.61	18.32 18.41 45.53	0.102
22.87 22.21 15.00	22.85 22.31 14.95	0.124
12.03 25.54 -7.74	12.28 25.28 -7.64	0.375
9.36 23.30 25.83	9.30 23.27 25.75	0.104
-23.20 11.91 -29.73	-23.26 11.88 -29.78	0.083
14.75 -17.10 -9.85	14.67 -17.09 -9.95	0.124
-21.98 -3.71 -47.75	-21.95 -3.80 -47.49	0.280
-18.16 -30.67 -17.27	-18.16 -30.76 -17.29	0.093
-3.36 9.12 -11.37	-3.43 9.02 -11.43	0.129
14.58 11.68 62.82	14.52 11.72 63.15	0.343
-41.29 -16.34 -31.03	-41.13 -16.30 -30.94	0.197
10.66 20.89 53.97	10.61 20.90 53.89	0.093
20.87 -10.45 -22.05	20.83 -10.27 -21.79	0.325
-3.94 13.70 59.56	-4.01 13.75 59.49	0.111
5.90 -14.68 -20.50	5.87 -14.67 -20.60	0.111
15.28 -5.48 42.09	15.28 -5.57 42.01	0.121
31.97 5.02 -26.01	31.97 5.07 -26.13	0.134
16.59 -6.10 24.93	16.57 -6.26 24.87	0.175
-6.14 10.68 1.90	-6.02 10.51 1.90	0.206
-14.89 14.06 31.31	-14.95 14.10 31.24	0.095
6.30 -14.79 -19.45	6.32 -14.83 -19.57	0.127
17.38 8.34 62.78	17.37 8.36 63.13	0.355
7.23 17.79 -7.51	7.59 17.75 -7.31	0.416
38.83 0.83 -10.22	39.09 0.86 -10.41	0.324
-9.33 7.16 -31.60	-9.24 7.35 -31.69	0.223
31.30 15.36 12.08	31.47 15.61 12.16	0.321
25.40 13.63 -29.40	25.20 13.48 -29.15	0.359
16.58 22.74 -28.20	16.41 22.61 -28.14	0.220
-8.64 -23.70 -13.43	-8.53 -23.85 -13.37	0.195
0.06 24.06 21.32	-0.01 24.04 21.25	0.095
3.94 24.36 10.94	3.95 24.22 10.87	0.158
-38.26 -6.93 -41.59	-38.06 -6.95 -41.41	0.273
-16.93 -31.70 -32.57	-17.00 -31.65 -32.65	0.115
-19.85 -0.46 -6.14	-19.92 -0.41 -6.21	0.104
