200 PA4-B-Debug-Output.txt
-10.54 -26.19 -15.09	-10.54 -26.20 -15.09	0.003
3.93 -7.34 55.30	3.94 -7.34 55.30	0.000
17.47 26.90 -3.57	17.47 26.90 -3.57	0.001
-10.76 -29.18 -20.73	-10.76 -29.17 -20.73	0.001
26.31 20.79 13.31	26.31 20.79 13.31	0.002
-21.91 -18.52 -6.40	-21.91 -18.52 -6.40	0.002
24.95 15.80 -28.03	24.95 15.80 -28.03	0.002
-1.40 16.40 55.55	-1.40 16.40 55.55	0.000
14.76 -2.19 -22.18	14.76 -2.19 -22.18	0.000
-27.89 -11.12 -6.62	-27.89 -11.12 -6.62	0.002
-6.85 8.31 45.59	-6.85 8.31 45.59	0.005
-8.49 7.18 -26.55	-8.49 7.18 -26.55	0.001
20.36 -12.16 -20.76	20.35 -12.16 -20.76	0.002
20.72 -14.50 -17.27	20.72 -14.50 -17.27	0.000
17.36 10.40 -27.79	17.36 10.39 -27.79	0.001
26.10 5.33 31.14	26.10 5.33 31.14	0.000
5.84 -7.00 46.52	5.84 -7.00 46.52	0.002
-29.61 -24.09 -10.53	-29.61 -24.09 -10.53	0.001
36.68 13.03 7.14	36.68 13.03 7.14	0.001
-13.42 5.51 -8.32	-13.42 5.51 -8.32	0.003
37.47 -1.12 -0.81	37.47 -1.11 -0.81	0.005
37.39 2.93 -14.36	37.39 2.93 -14.36	0.002
20.77 3.24 -26.82	20.77 3.24 -26.82	0.000
-27.12 -12.14 -6.33	-27.12 -12.14 -6.33	0.001
-4.28 -25.92 -26.77	-4.28 -25.92 -26.77	0.001
-10.54 7.06 -9.85	-10.53 7.05 -9.85	0.002
-39.74 -12.55 -35.60	-39.74 -12.55 -35.60	0.003
37.58 -1.18 -4.41	37.58 -1.18 -4.41	0.001
2.09 -6.80 45.87	2.09 -6.81 45.87	0.005
16.18 2.64 -21.71	16.18 2.64 -21.71	0.001
12.38 -6.26 45.92	12.38 -6.26 45.92	0.003
-12.05 -27.77 -16.14	-12.05 -27.76 -16.14	0.004
-3.54 19.05 11.23	-3.53 19.05 11.23	0.003
12.02 -10.89 8.63	12.02 -10.89 8.63	0.001
-38.55 -18.89 -37.58	-38.55 -18.89 -37.58	0.002
-21.64 -20.07 -6.67	-21.64 -20.07 -6.67	0.001
28.72 -1.50 18.79	28.72 -1.50 18.79	0.002
14.22 23.60 21.73	14.22 23.60 21.73	0.001
39.73 4.76 3.02	39.73 4.76 3.02	0.000
14.70 -11.68 5.46	14.70 -11.68 5.46	0.001
-4.87 -2.57 61.72	-4.87 -2.57 61.72	0.000
17.28 26.24 7.29	17.28 26.24 7.29	0.002
-16.17 -12.39 -3.07	-16.17 -12.39 -3.07	0.000
2.55 24.09 15.41	2.55 24.10 15.41	0.006
37.76 11.11 -6.19	37.76 11.11 -6.19	0.000
-5.10 -0.71 62.72	-5.10 -0.71 62.72	0.001
-31.40 -8.54 -7.18	-31.40 -8.54 -7.18	0.002
-43.61 -5.51 -23.10	-43.61 -5.51 -23.10	0.000
-5.73 -26.81 -24.07	-5.73 -26.80 -24.07	0.002
32.26 18.35 -4.04	32.26 18.36 -4.04	0.006
-0.94 -3.54 -28.23	-0.94 -3.54 -28.23	0.002
10.59 -6.94 25.54	10.59 -6.94 25.54	0.003
-36.61 5.73 -25.43	-36.61 5.74 -25.43	0.001
31.77 13.75 -22.79	31.77 13.75 -22.79	0.002
-39.79 -19.47 -17.40	-39.79 -19.47 -17.40	0.001
33.02 6.56 -24.46	33.02 6.56 -24.46	0.001
4.26 -16.14 -20.84	4.26 -16.14 -20.84	0.001
-0.82 21.86 35.08	-0.82 21.86 35.08	0.001
-31.56 5.52 -15.11	-31.56 5.52 -15.11	0.001
-42.15 -17.31 -28.77	-42.15 -17.31 -28.77	0.003
-37.59 -11.46 -10.55	-37.59 -11.46 -10.55	0.003
-16.92 10.69 -34.47	-16.92 10.69 -34.47	0.002
21.30 0.70 48.76	21.30 0.70 48.76	0.005
19.10 23.91 14.52	19.10 23.92 14.52	0.000
25.34 23.61 5.75	25.34 23.61 5.75	0.002
-21.31 -30.64 -16.49	-21.31 -30.64 -16.49	0.001
-9.72 -1.58 17.69	-9.72 -1.58 17.69	0.001
12.97 16.61 -17.67	12.97 16.61 -17.67	0.001
-34.95 -24.53 -15.98	-34.95 -24.53 -15.98	0.001
-14.43 21.90 23.30	-14.43 21.90 23.30	0.001
-3.95 -10.28 10.52	-3.94 -10.27 10.52	0.008
28.27 16.39 -24.78	28.27 16.39 -24.78	0.003
33.56 17.17 5.88	33.56 17.17 5.88	0.002
26.24 20.18 14.37	26.24 20.18 14.37	0.000
10.38 21.77 39.00	10.38 21.78 39.00	0.006
26.85 -4.17 -26.46	26.85 -4.16 -26.46	0.004
27.54 22.15 -18.23	27.54 22.15 -18.23	0.003
29.11 20.65 9.02	29.11 20.65 9.02	0.001
-40.81 -12.22 -30.31	-40.81 -12.22 -30.31	0.001
-3.24 15.39 51.67	-3.24 15.39 51.67	0.002
6.29 17.99 62.77	6.29 17.99 62.77	0.001
32.69 12.61 12.59	32.69 12.62 12.59	0.000
-24.84 11.30 -21.16	-24.84 11.29 -21.16	0.007
20.78 3.80 60.40	20.78 3.79 60.40	0.002
35.95 -2.98 8.18	35.96 -2.98 8.18	0.001
35.30 14.93 -5.78	35.31 14.93 -5.78	0.003
-6.39 1.00 41.92	-6.39 1.00 41.92	0.001
-9.46 -25.19 -14.33	-9.46 -25.18 -14.33	0.003
-14.17 9.19 -18.18	-14.17 9.19 -18.18	0.000
-5.85 -0.38 47.85	-5.85 -0.38 47.85	0.004
18.09 22.56 24.44	18.09 22.56 24.44	0.000
29.97 0.04 -27.69	29.97 0.04 -27.68	0.001
26.77 10.71 26.44	26.77 10.72 26.44	0.003
-26.87 -27.31 -39.87	-26.87 -27.32 -39.88	0.003
37.13 4.02 -14.46	37.13 4.02 -14.46	0.001
4.77 -6.57 -24.33	4.77 -6.57 -24.33	0.003
-2.35 -0.06 -27.66	-2.35 -0.06 -27.66	0.001
31.25 15.41 12.63	31.25 15.41 12.63	0.002
-37.23 -17.43 -11.89	-37.23 -17.43 -11.89	0.001
23.94 24.26 5.67	23.94 24.26 5.67	0.003
-7.35 -25.30 -36.52	-7.35 -25.29 -36.52	0.002
31.93 11.52 -24.66	31.92 11.52 -24.66	0.003
2.32 -6.83 45.76	2.32 -6.83 45.76	0.006
10.37 -16.39 -8.71	10.37 -16.40 -8.71	0.005
37.97 -0.86 -11.73	37.98 -0.86 -11.73	0.007
-4.32 11.96 2.06	-4.32 11.96 2.06	0.002
38.57 1.93 -11.99	38.57 1.93 -11.99	0.003
-23.41 3.54 -13.37	-23.41 3.54 -13.37	0.000
25.06 23.39 7.25	25.06 23.39 7.25	0.000
8.05 22.76 29.12	8.05 22.77 29.12	0.005
35.58 0.02 11.31	35.58 0.02 11.31	0.001
-15.98 19.92 24.62	-15.98 19.92 24.62	0.002
-38.15 3.71 -22.42	-38.15 3.71 -22.42	0.002
-7.78 19.92 14.79	-7.78 19.92 14.79	0.001
31.43 2.17 -26.48	31.44 2.17 -26.48	0.001
-2.17 -7.70 -34.01	-2.17 -7.71 -34.01	0.002
-16.29 11.13 -32.10	-16.29 11.14 -32.10	0.002
-42.00 -14.10 -18.38	-42.00 -14.10 -18.38	0.000
-12.62 -23.63 -43.00	-12.62 -23.62 -43.00	0.001
27.17 10.32 25.46	27.17 10.32 25.46	0.000
-34.87 -22.20 -12.84	-34.87 -22.20 -12.84	0.002
31.47 19.36 -2.51	31.46 19.35 -2.51	0.005
-16.19 -1.31 -46.98	-16.19 -1.31 -46.98	0.000
6.19 6.33 -16.55	6.19 6.33 -16.55	0.001
-14.37 11.15 -26.11	-14.37 11.14 -26.11	0.002
-23.88 -8.71 -5.57	-23.88 -8.71 -5.57	0.001
19.40 20.43 31.97	19.40 20.43 31.97	0.000
14.38 -5.89 41.33	14.38 -5.89 41.33	0.001
-38.05 -2.28 -39.34	-38.05 -2.28 -39.34	0.001
-38.84 -17.73 -14.41	-38.84 -17.73 -14.41	0.000
-7.83 12.24 39.90	-7.83 12.24 39.90	0.001
21.40 -1.01 42.56	21.40 -1.02 42.56	0.003
11.48 22.74 29.23	11.48 22.74 29.23	0.001
32.80 12.94 -21.95	32.80 12.94 -21.95	0.001
9.43 11.71 -11.34	9.43 11.72 -11.34	0.001
18.12 17.07 -30.78	18.12 17.07 -30.78	0.001
-7.27 22.35 17.30	-7.27 22.35 17.30	0.003
11.54 23.27 25.32	11.54 23.28 25.32	0.005
-34.66 0.80 -40.68	-34.66 0.80 -40.68	0.001
-28.99 -31.13 -23.10	-28.99 -31.13 -23.10	0.002
-43.42 -14.09 -24.11	-43.43 -14.09 -24.11	0.002
-6.09 1.35 60.03	-6.09 1.35 60.03	0.002
28.93 20.20 -20.48	28.93 20.20 -20.48	0.002
-11.39 -28.88 -34.83	-11.39 -28.87 -34.83	0.003
27.30 0.62 24.29	27.30 0.63 24.29	0.003
28.75 17.62 13.78	28.75 17.62 13.78	0.000
-5.18 -18.01 -8.30	-5.18 -18.01 -8.30	0.003
15.56 24.57 -15.73	15.56 24.57 -15.73	0.004
-31.24 -12.70 -46.84	-31.24 -12.70 -46.84	0.000
17.78 14.75 -30.98	17.78 14.75 -30.98	0.002
31.68 12.16 13.93	31.68 12.16 13.93	0.001
24.55 12.80 32.42	24.54 12.80 32.42	0.002
-37.29 2.84 -34.23	-37.29 2.84 -34.23	0.000
-21.81 3.03 -44.06	-21.81 3.03 -44.06	0.001
5.38 -4.46 -23.53	5.37 -4.47 -23.52	0.004
12.19 26.12 -4.49	12.19 26.11 -4.49	0.005
-6.49 21.41 15.64	-6.49 21.41 15.64	0.002
-19.32 -27.75 -12.46	-19.32 -27.74 -12.47	0.003
-3.38 -23.85 -30.40	-3.38 -23.84 -30.40	0.001
-1.52 17.57 48.64	-1.52 17.57 48.64	0.001
23.36 21.62 16.04	23.36 21.62 16.04	0.000
-7.10 5.64 60.43	-7.10 5.64 60.43	0.000
-15.38 -10.71 -1.17	-15.38 -10.71 -1.17	0.004
-1.78 -0.39 -27.07	-1.78 -0.39 -27.07	0.004
-11.92 -15.90 -4.79	-11.92 -15.89 -4.79	0.001
13.96 -6.44 26.13	13.96 -6.45 26.13	0.006
18.40 18.24 45.95	18.40 18.24 45.95	0.002
23.09 22.02 15.36	23.09 22.02 15.36	0.001
12.37 25.39 -7.43	12.37 25.39 -7.43	0.001
9.54 23.22 26.13	9.54 23.22 26.13	0.002
-22.86 11.96 -29.55	-22.86 11.96 -29.55	0.001
14.81 -17.27 -9.46	14.81 -17.27 -9.46	0.001
-21.66 -3.70 -47.54	-21.66 -3.70 -47.54	0.001
-18.15 -30.64 -16.99	-18.15 -30.64 -16.99	0.001
-3.12 9.06 -11.10	-3.12 9.06 -11.10	0.003
14.53 11.63 63.16	14.53 11.63 63.16	0.002
-41.13 -16.18 -30.88	-41.13 -16.18 -30.88	0.001
10.71 20.86 54.28	10.71 20.85 54.28	0.006
21.03 -10.68 -21.65	21.03 -10.69 -21.65	0.001
-3.96 13.77 59.81	-3.96 13.77 59.81	0.002
6.02 -14.80 -20.15	6.02 -14.81 -20.15	0.001
15.21 -5.56 42.46	15.21 -5.57 42.46	0.005
32.25 4.71 -25.58	32.25 4.71 -25.58	0.001
16.59 -6.23 25.31	16.59 -6.22 25.31	0.004
-5.94 10.67 2.16	-5.93 10.66 2.16	0.003
-14.79 14.15 31.52	-14.79 14.16 31.52	0.002
6.42 -14.92 -19.10	6.42 -14.92 -19.10	0.002
17.31 8.27 63.14	17.31 8.27 63.14	0.001
7.52 17.67 -7.21	7.51 17.68 -7.21	0.001
39.01 0.49 -9.76	39.01 0.49 -9.76	0.001
-9.01 7.11 -31.35	-9.01 7.11 -31.35	0.002
31.49 15.12 12.48	31.48 15.12 12.48	0.001
25.75 13.36 -29.02	25.75 13.36 -29.02	0.002
16.98 22.53 -27.87	16.98 22.53 -27.87	0.000
-8.60 -23.72 -13.13	-8.60 -23.72 -13.13	0.001
0.26 24.04 21.57	0.26 24.04 21.57	0.001
4.19 24.29 11.22	4.19 24.29 11.22	0.001
-37.99 -6.80 -41.44	-37.99 -6.80 -41.44	0.000
-16.87 -31.70 -32.29	-16.87 -31.70 -32.29	0.001
-19.69 -0.39 -5.92	-19.69 -0.39 -5.92	0.001
