75 PA4-B-Demo-Fast-Output.txt 0
   -9.74   -28.52   -20.31        -9.74   -28.52   -20.31     0.000
   24.16     1.78    36.09        24.16     1.78    36.09     0.000
   20.30   -15.00    -3.84        20.30   -15.00    -3.84     0.000
  -14.66   -22.59   -44.07       -14.66   -22.59   -44.07     0.000
   26.17    -4.54   -26.13        26.17    -4.54   -26.13     0.000
   14.67    -5.67    43.70        14.67    -5.67    43.70     0.000
  -35.24   -10.09    -8.10       -35.24   -10.09    -8.10     0.000
   23.13     7.46    46.47        23.13     7.46    46.47     0.000
   12.14    25.16    14.03        12.14    25.16    14.03     0.000
    6.42    -7.06    32.31         6.42    -7.06    32.31     0.000
   12.01    23.10   -12.00        12.01    23.10   -12.00     0.000
   11.68    -6.40    61.66        11.68    -6.40    61.66     0.000
  -19.45   -31.79   -19.01       -19.45   -31.79   -19.01     0.000
   11.55    17.72   -24.35        11.55    17.72   -24.35     0.000
  -34.86   -26.43   -18.89       -34.86   -26.43   -18.89     0.000
  -19.70    -0.55    -5.79       -19.70    -0.55    -5.79     0.000
  -15.31    19.07    21.29       -15.31    19.07    21.29     0.000
  -28.65    -8.90   -47.92       -28.65    -8.90   -47.92     0.000
   25.91    -8.37     5.70        25.91    -8.37     5.70     0.000
  -36.08   -26.17   -21.48       -36.08   -26.17   -21.48     0.000
   22.44    11.70    46.71        22.44    11.70    46.71     0.000
   -6.91    18.77    13.43        -6.91    18.77    13.43     0.000
  -12.20   -24.94   -41.42       -12.20   -24.94   -41.42     0.000
  -43.05    -5.17   -19.90       -43.05    -5.17   -19.90     0.000
   -2.32     2.51   -25.58        -2.32     2.51   -25.58     0.000
   -8.48    -1.16    23.89        -8.48    -1.16    23.89     0.000
  -22.11   -32.60   -30.94       -22.11   -32.60   -30.94     0.000
   12.06    17.33   -22.15        12.06    17.33   -22.15     0.000
    1.79    -7.12    56.60         1.79    -7.12    56.60     0.000
   37.50     3.34   -14.05        37.50     3.34   -14.05     0.000
  -39.61     0.99   -32.28       -39.61     0.99   -32.28     0.000
   28.82    21.84    -6.01        28.82    21.84    -6.01     0.000
   -3.10   -18.28    -9.34        -3.10   -18.28    -9.34     0.000
  -37.12   -16.24   -11.11       -37.12   -16.24   -11.11     0.000
    5.04     4.97    63.35         5.04     4.97    63.35     0.000
   23.75     4.29    41.35        23.75     4.29    41.35     0.000
    6.78    -7.11    30.32         6.78    -7.11    30.32     0.000
  -37.02    -0.51   -39.42       -37.02    -0.51   -39.42     0.000
  -30.71    -0.23   -11.86       -30.71    -0.23   -11.86     0.000
  -32.13     3.44   -39.79       -32.13     3.44   -39.79     0.000
  -17.77   -15.33    -5.15       -17.77   -15.33    -5.15     0.000
  -19.51   -13.17   -49.13       -19.51   -13.17   -49.13     0.000
   26.67    13.52   -28.57        26.67    13.52   -28.57     0.000
   -7.99     5.93    32.27        -7.99     5.93    32.27     0.000
  -26.25   -31.17   -18.88       -26.25   -31.17   -18.88     0.000
    5.56   -16.72   -13.97         5.56   -16.72   -13.97     0.000
    7.74    -7.15    53.84         7.74    -7.15    53.84     0.000
   16.41    19.32    50.08        16.41    19.32    50.08     0.000
   18.39    -6.94    16.60        18.39    -6.94    16.60     0.000
  -33.58   -27.35   -34.28       -33.58   -27.35   -34.28     0.000
   29.86    16.12    13.86        29.86    16.12    13.86     0.000
  -30.63     6.04   -38.24       -30.63     6.04   -38.24     0.000
   -7.85    22.59    17.88        -7.85    22.59    17.88     0.000
  -14.49   -14.37   -48.11       -14.49   -14.37   -48.11     0.000
   10.32    22.56    30.24        10.32    22.56    30.24     0.000
   27.29     4.25    26.72        27.29     4.25    26.72     0.000
  -28.65     7.92   -36.19       -28.65     7.92   -36.19     0.000
   21.27    25.64    -6.72        21.27    25.64    -6.72     0.000
   34.65    14.36   -14.71        34.65    14.36   -14.71     0.000
   20.90    21.49    22.57        20.90    21.49    22.57     0.000
   13.39    17.21   -30.08        13.39    17.21   -30.08     0.000
  -43.52   -13.95   -24.60       -43.52   -13.95   -24.60     0.000
  -18.55   -31.24   -18.00       -18.55   -31.24   -18.00     0.000
   36.43    -2.43     0.93        36.43    -2.43     0.93     0.000
   -7.30    -9.71     7.68        -7.30    -9.71     7.68     0.000
   -5.13   -21.97   -13.74        -5.13   -21.97   -13.74     0.000
   26.45    -5.89    12.83        26.45    -5.89    12.83     0.000
  -39.98     1.95   -24.02       -39.98     1.95   -24.02     0.000
    1.66    19.54    45.81         1.66    19.54    45.81     0.000
    8.99    -7.19    60.52         8.99    -7.19    60.52     0.000
   -1.53   -19.45   -34.91        -1.53   -19.45   -34.91     0.000
  -34.08    -3.43    -9.96       -34.08    -3.43    -9.96     0.000
   27.13    22.85   -14.68        27.13    22.85   -14.68     0.000
   -8.82    -3.44    19.79        -8.82    -3.44    19.79     0.000
   11.26    -8.26    16.40        11.26    -8.26    16.40     0.000
